0.7755764843445927
0.07828314188798569
0.4198717574661117
0.2277211778671704
-0.07532589637471454
0.38307146372211176
-0.3594656927741555
-0.363116474897331
0.9470863309967041
-0.693108055014076
-0.7985357050666622
0.09642680034183382
-0.08115369280671403
0.16894392349625442
0.45658664171989227
-0.8294674149204746
0.5876322130581655
-0.6853608802722886
-0.2008873494732688
-0.8823667834604905
-0.3434990013635608
0.5006458755168659
-0.032729593119614764
-0.015736722782389245
-0.5256364870402064
0.7580118377549432
0.9899750471556092
-0.8826079628885777
-0.4498349156052619
-0.9695133957434585
-0.34517534210236556
0.1644962749618215
0.056115026829070214
0.73180946496947
0.9874384552672866
0.9569311507504932
0.5896209653993705
0.6677895986307165
0.36363583454784365
0.32580696027395994
-0.4784693370797126
0.49968011338889706
0.3042820686960379
-0.5627980214998352
0.6283824942877141
0.09577329602422657
-0.8985606131731876
0.4564346293223631
0.816666036197881
-0.3511070134491059