50
1e-06
533.8471181465593
371.20169927836866
1847.1830175852451
1693.1273089997785
324.03624881542447
3874.2077114372696
-1482.0410167329176
-1304.37866261528
1394.7913496244964
-1322.8976186277005
-1996.8421296973006
1919.5345578656684
1047.4829370285831
-1032.092847281188
1211.4470918015709
-567.6216939967287
214.37451946924136
-1410.7149710377198
-308.97635481625423
-2912.446523489648
-694.1827416920585
-403.91388736816424
1164.4555878685912
-2985.593441180715
1466.7717505769447
1842.791844685235
861.7475661053872
-3242.1021867848294
-1264.5013018796603
-2531.736927498883
1096.5561433889682
641.2316065099853
-331.9458662652695
715.2562473687287
252.01175869255718
1782.1105949022813
1979.0745684999667
-347.1193392168234
2176.1317127881293
1294.5715547884356
-1375.153541561955
757.2847973603458
2117.0130052962445
-338.76862162250836
1709.6662651609133
-720.9350574773434
-2340.8689681291617
404.59769986696045
1792.9267497224373
-169.70293474476085
1805.0510796178705
317.87886307330274
217.9837322391011
143.64479315888255
-20.984214446745586
58.39524120942657
487.3370030047869
-29.068444737216808
145.47820695477125
174.8646465845563
-312.07743973113577
-333.5221378693059
170.4647942694109
69.75144974606103
-94.41564530085195
-368.93686905044007
-121.2419920598841
199.5057542521987
-289.75602427208764
279.0816661409501
-177.41163971711737
95.29399010214169
-99.88272218339013
220.39262255444825
-180.9900390714189
-502.0757520688861
-519.563145847518
-341.3414870173338
-367.2304316313164
-220.62101331643254
165.6170026381303
-249.25795538371898
-263.63383135132574
-455.16582859627715
45.82468350840602
-127.4931043749259
-98.64609727952148
-229.45600926731572
-228.3793635111534
307.90120516347764
92.80715890306607
-63.77428016621832
-180.78485007817733
162.42057234801388
-67.74930956445826
-293.41857450824364
29.469166444345813
-524.7417920989999
279.7924215134708
-244.2698600570461
317.87886307330274
1564.8770322473256
-126.80534373147921
-167.71089379175422
247.63233025754298
89.16686392328991
156.7621327812072
239.76567168401124
-173.06199782223115
-225.25474130004676
54.76813136267298
-246.0933000923212
18.027687691943022
20.630177884467464
-174.55675251731927
-188.26400616935058
-369.24534404879176
-94.47119118210279
-220.82626173708059
122.74628035456475
-351.4934845780554
120.35962253778739
271.75512014797056
1.4976182655306955
80.76596662833201
-416.04131360826324
-60.22884089362879
-232.19876140895352
74.13894737956305
22.653484159522694
-275.6176851340169
194.75886678285104
-329.41463038703876
169.44493954283928
-259.93411347971386
-102.45713309057203
1.1199001090019465
196.012258842966
-332.9386585201074
200.09603373735186
-169.80308638884355
220.84389947234206
7.139430277278886
277.25552151173054
-105.15366588243565
-601.7791967078024
-21.81405268837512
243.60738159022787
542.1860280994251
-253.28244005240003
217.9837322391011
-126.80534373147921
1587.2500874502878
469.46166065091654
-295.7523457249053
177.87225238313863
-113.9556937859577
55.167270432889715
194.1218106863845
-222.5848505572001
-310.6373156528964
67.75320513113078
-34.47840084428451
-215.0535289730748
193.76138843727156
23.64103063950663
-406.7862537110133
135.9991693268241
-207.49347446483003
-38.42929437462396
-147.5957152859629
70.54736898665425
217.49542242275868
-172.13017581135605
-40.43295142495731
-238.20089491655085
-372.0135382403583
-118.73175778634003
-148.15551464065106
-269.7374189377474
-193.6043077746467
48.60530330390452
-313.2735113298351
-117.62275910989955
165.73335866214617
-48.40457355013561
559.6513966472073
-61.53343210257361
182.18830252096893
-87.61481861678745
-32.18300662462878
69.26690438552389
251.14695348309874
147.32653435852168
-124.06978835338231
87.26745975558475
-59.733055112814405
-172.8851280591368
225.33391454845616
292.7549729423453
143.64479315888255
-167.71089379175422
469.46166065091654
2010.082744328392
107.48413553545576
188.2461453770046
222.50807729015273
83.09872050635981
-67.36331515816367
184.03371439471823
140.0246256631449
473.4592607214599
132.90298476053096
-191.33862411197626
-291.7079351888396
-317.0124740097824
133.61781930592423
-563.4120738833791
14.610463319333784
117.75225005622111
-225.77893563257038
80.47001663083121
15.617729964201027
85.69079171761119
-322.0434492585393
337.6602943268631
-505.35354588698186
-351.4478562304927
-388.5653304503379
-16.53846413642001
-45.73763723878811
43.635612825341205
-19.716309056372943
-425.7380844827749
129.0509552964771
36.232434360667185
-211.77285741871864
-188.33214347404174
672.8344495773076
-195.79510791365345
330.4184802140869
52.55641379440835
47.23292736003933
-65.72927587486434
-11.456284071929678
446.2344761407356
-623.9780095553301
212.89397633816174
-192.00270861882115
4.3396399748607
-20.984214446745586
247.63233025754298
-295.7523457249053
107.48413553545576
1835.5258144873148
63.40922008243553
182.73337914042196
-314.39168874941134
32.82449849178437
54.01012979744123
208.04992399804917
7.0139696576407005
97.46771358466248
-208.75277108031082
1.0455660883194968
81.98484355709994
22.703878905215923
25.463210544508048
-63.15138796957764
-237.93421585542012
-155.08539079655256
361.0181696435147
-231.18574976291373
-100.15244798043402
-246.46895264248695
-238.31973571260957
226.67212971791133
-185.99374885566837
-247.40078979235585
74.25762913976904
-203.79637118691116
159.6955530970343
238.32397070537044
222.9458376789634
-389.1744199641441
208.71256243642316
-61.98762535239474
-347.670229080523
85.53629899414368
-323.50409837651114
290.07193899273585
-219.25796947177395
216.3707995833721
-98.97763595351188
66.01133959036562
-391.9474607285465
35.22453966466665
-57.65045761712557
581.1610801476453
310.8765701286319
58.39524120942657
89.16686392328991
177.87225238313863
188.2461453770046
63.40922008243553
1293.8219442695413
-91.9810832317174
-261.492552377963
510.283381216973
-199.14549021095036
-674.2580339914647
258.49301578699317
31.01864644575456
-189.08665753362584
276.26550547688606
-141.27681213356294
-149.72263519152216
31.795808227483825
-34.51473174457263
-425.08453161030974
60.51403712807796
84.04298552062116
-189.0669771801729
-196.2789267799069
477.5016226981117
106.42692668911589
238.40380830617988
-282.959404548617
-204.0124937123139
-348.86836666317004
328.6692039516061
26.59848521995695
-236.14328837216243
20.82518373912987
-212.38397578778734
-42.650805589563085
461.83446155607817
-50.998612707925076
504.5414493113541
37.83782788941245
-2.707503315963889
175.5538090915212
279.3285354139242
10.752091474678586
47.89012508804885
197.85401632593673
-120.91164673146616
372.5200548381504
44.557570252390185
-100.40329781566068
487.3370030047869
156.7621327812072
-113.9556937859577
222.50807729015273
182.73337914042196
-91.9810832317174
1646.2665860971615
-377.8673107871726
387.1072380415439
-103.60170345458465
197.19307595324906
-383.5297325911237
95.44201384187134
-331.98108712873045
-371.7486050654503
-150.8748361881363
181.96573467249038
280.87190607214495
-215.61305364894326
108.41759933057945
72.82179586402742
228.21294575596906
-364.1399859315893
315.31648762975965
311.1739974291368
-62.56498908230284
-453.4458107615098
-268.3928974199034
-258.8491545458552
388.3781280857784
-236.61682341405003
-436.9566870186363
-151.53231470499748
-42.23150509333903
101.50033291862887
-221.15845643355055
-256.311489910737
144.36373711619834
213.3545375267053
225.1758488432105
527.7078981591992
-170.3224659151135
65.06551644761188
-180.03926541881552
71.58982965150628
-147.9102272385008
425.8379160540393
43.39025633628562
-235.12848606548204
-8.646212043406566
-29.068444737216808
239.76567168401124
55.167270432889715
83.09872050635981
-314.39168874941134
-261.492552377963
-377.8673107871726
1450.4494249348434
-355.85065652167947
62.52316066336675
190.96519795299625
170.19657646656864
-128.55812567873838
84.34641943029791
14.311314735155953
68.64278722601497
-134.15034567261952
30.172197242648014
-45.75983352834098
340.32462810385766
-76.14130970675751
-507.5170652808931
6.204500955080708
-49.44718210421927
-102.78336360980127
-10.377456890739332
104.31797884607543
173.23120829881506
511.16613697842723
-231.56885580602452
-260.45608628037866
328.96574815627696
307.30268434633825
-205.32877029597572
-93.88334106197607
174.61064974550473
-170.63564452614054
272.9230184950705
-471.249284555209
-52.10764438991031
-214.8071820778321
118.11824352140471
-145.9022113558449
13.72212853974612
-309.2852642900225
-88.52131309626668
-523.6160590955715
-36.57984314802893
-92.1603739559887
-84.25313949439456
145.47820695477125
-173.06199782223115
194.1218106863845
-67.36331515816367
32.82449849178437
510.283381216973
387.1072380415439
-355.85065652167947
1999.7279983118715
-401.0591341154644
-40.668137141078226
440.04846193649337
165.98865600563937
151.67980674155942
157.43241417907902
146.823681021932
13.085129809566704
-6.783115668149546
393.7109596546673
-284.60177916083853
332.16591501398136
-43.50777760051939
93.99865721780839
-180.22302135294848
642.235031362512
-51.81834552521087
-121.58367749065661
108.49196464084136
65.10222645463331
145.70669662709338
114.68267097448016
-322.7987686960847
-62.516345805055025
-94.12230103921033
-196.43470051496584
-139.33012217773384
423.25322348148217
-327.0948602432765
357.4142137169005
345.1397493218225
-487.12956351033966
-166.41886256072266
-79.57846144533029
42.36152384671021
357.27242434055387
352.7581335086567
440.79533526039046
-112.08877164108223
-258.29444468646966
-197.55260630188508
174.8646465845563
-225.25474130004676
-222.5848505572001
184.03371439471823
54.01012979744123
-199.14549021095036
-103.60170345458465
62.52316066336675
-401.0591341154644
1820.4860574555898
57.86092803145553
-42.72000507125159
-230.5608245613765
266.72034584491774
85.37522658024187
-106.87060871891875
332.06336997143285
-89.43838915359504
-442.1084995885936
-78.26615146610034
-94.81729169849295
-23.196097022232014
-418.3942549605335
-42.73780274112917
-223.58077557141027
-88.21430972986914
-124.54458122468614
-580.7017504635988
9.908722856414672
-92.33100665707278
279.9487202250137
-192.9409678586338
448.7108464839043
45.55930777060245
-167.08465140528233
114.44489045171655
-423.41785707172266
-295.03232717113525
-50.79745769578128
42.82465683836773
34.4257490077684
135.81251741310302
-47.493725824645885
-168.5731287830087
-1.9545798558877652
55.457258689860616
41.73294916600941
-331.8912123431364
-179.31637999314012
61.20977686338988
-312.07743973113577
54.76813136267298
-310.6373156528964
140.0246256631449
208.04992399804917
-674.2580339914647
197.19307595324906
190.96519795299625
-40.668137141078226
57.86092803145553
1548.3484890041962
356.5725334968812
-142.77486660295287
-134.44492596799284
-339.80687917268244
7.120316215380408
558.1768066780064
-129.31060656857932
124.13568560873439
230.5535145249511
-62.69195735579926
-268.3045011627126
159.30110635222456
25.75989619670034
-254.4278929941795
450.27056662279654
326.1054763634205
268.4742082685881
122.38866222375576
429.72005351537
-311.159983059507
197.12030071636843
12.718177162095268
200.61961883905118
200.95806277752627
-275.28639819551546
-262.24770290848863
-14.916479920431785
-39.21925677646558
-220.79905004433863
98.44207147216841
-76.79232737755954
-251.34209699975867
-535.3999453957211
-239.32984237158038
-318.1084085163482
-253.94526453218188
-194.68909012588733
93.55306390720183
280.3693459104256
-333.5221378693059
-246.0933000923212
67.75320513113078
473.4592607214599
7.0139696576407005
258.49301578699317
-383.5297325911237
170.19657646656864
440.04846193649337
-42.72000507125159
356.5725334968812
1629.3974415660043
-87.98557826774208
-74.46232995114659
256.8237394145918
-340.16709804573344
596.3234341788972
-75.83236804847871
494.0569482682695
-308.5469755098632
-92.37042467858598
-593.313646395501
42.54436706240836
129.35033371887985
336.6300902170699
364.5533229219882
241.7311415348897
402.02741509910237
166.78251706518552
-44.54560440956359
-322.2078862015257
410.07059265558536
207.47247972530093
327.8841545498917
102.13471973320594
183.86183112832862
70.12538239164607
-469.6806638013543
221.59768615349907
76.83405059538487
-296.84683600225446
125.80069258221924
164.58083606229155
-381.27240991205593
306.19915840568154
408.320169583149
-210.40446624591482
-223.67937684598382
-331.9739166623224
404.6143227312293
170.4647942694109
18.027687691943022
-34.47840084428451
132.90298476053096
97.46771358466248
31.01864644575456
95.44201384187134
-128.55812567873838
165.98865600563937
-230.5608245613765
-142.77486660295287
-87.98557826774208
1771.1622227644564
-105.9275094904564
85.69531447107532
-101.88085214881079
-146.75725760243537
48.80708617279754
385.3728163160388
-168.6695612591887
128.141260112811
642.0050540461617
449.23412190090806
-292.95738793695176
-54.21675680249541
-29.072272505401685
-256.8812657916612
-349.5383849743431
-217.78207625934905
82.83037669926043
271.33067454814915
-42.95169168410656
152.00000435313913
-121.28260739527472
68.96114496879514
157.28169270568176
193.66175840235837
-197.69766862702411
236.8302296729576
47.08595747281217
39.999355751121094
-667.6452976659964
499.1056044218863
-143.21593047818416
-63.32497303090129
-222.08805657873697
-328.0334668551964
314.72453623521295
-176.56421495641038
99.35887454038107
69.75144974606103
20.630177884467464
-215.0535289730748
-191.33862411197626
-208.75277108031082
-189.08665753362584
-331.98108712873045
84.34641943029791
151.67980674155942
266.72034584491774
-134.44492596799284
-74.46232995114659
-105.9275094904564
1705.1885359587966
-99.79245018200837
178.50234580692367
-132.0777201048491
-191.57851523768906
238.14466265884678
48.52934193133375
355.38011272067075
0.12551065264617184
481.42508482647554
92.43713565658119
-383.3489400065056
-296.6067179379438
-232.57348314860883
94.21671767910084
149.84734015105127
-88.95871845916479
160.7886590032983
-172.16399659187454
-49.79354206061938
222.20689884874355
52.23639159560338
280.00617084315917
-119.67732668050215
-116.1649706228976
-279.5458882688897
227.84364100910287
-399.81294032813594
-138.33180390111593
-919.4533281794005
599.333014902002
-327.4739208985462
142.30093773811734
14.05548671527866
-339.13593364309037
-85.14040229947943
-142.8723999349785
-94.41564530085195
-174.55675251731927
193.76138843727156
-291.7079351888396
1.0455660883194968
276.26550547688606
-371.7486050654503
14.311314735155953
157.43241417907902
85.37522658024187
-339.80687917268244
256.8237394145918
85.69531447107532
-99.79245018200837
1868.7817710358806
455.53468541451673
20.145021769683247
71.55271617595292
285.3980145567709
-144.9553937050926
-328.9466663591908
525.436741765199
-341.6088679768793
-405.30698875189523
398.3276429927095
102.8756910600907
-182.97729242594366
184.44838428882562
342.54230034319465
-427.81700951450574
110.55396455448339
59.480760263178105
348.91440133749285
-51.37936298603289
-385.9927090517039
-108.94952996045465
409.97344567881277
-175.49293760970585
-109.41840391785331
119.73861319238293
-23.026123291381545
10.576295277675587
175.60221422760065
52.74509847834512
103.49528142982012
-294.9747843414685
-206.11838933184814
82.95616807039572
275.3375989476003
334.57180445009493
-368.93686905044007
-188.26400616935058
23.64103063950663
-317.0124740097824
81.98484355709994
-141.27681213356294
-150.8748361881363
68.64278722601497
146.823681021932
-106.87060871891875
7.120316215380408
-340.16709804573344
-101.88085214881079
178.50234580692367
455.53468541451673
2049.9808509245822
119.25083057002223
-138.0773570291519
165.11992799935257
94.49952290720313
-25.158431828843778
210.09651279669978
153.92229764971154
92.09805070538764
159.47762318398208
263.0853066117792
313.24399982230375
-136.48790964083094
35.79729572648621
145.90282839091896
123.23647541246083
187.31132822788055
441.6415730248596
571.4409745607309
146.9353242993013
369.4411516643421
126.3776954498196
197.5035638219802
-412.35840606911415
-125.59952898715535
250.9158318048127
-258.7009164789303
-226.07317870538722
392.30278935790983
-193.539355793305
102.68066835653136
-603.6862917969167
-211.9608367474804
-225.59938439843282
-15.845207578534001
-121.2419920598841
-369.24534404879176
-406.7862537110133
133.61781930592423
22.703878905215923
-149.72263519152216
181.96573467249038
-134.15034567261952
13.085129809566704
332.06336997143285
558.1768066780064
596.3234341788972
-146.75725760243537
-132.0777201048491
20.145021769683247
119.25083057002223
1758.1412181659334
-82.95086021722892
161.70601311034284
22.342131834263153
-265.4825720013511
-429.3486405733162
-395.00430765229237
54.01825115707596
226.84514832156256
607.6217737606105
-22.89194260260883
-102.86561938988584
37.476906042179095
343.2467203759641
17.973447143586952
-31.35133187897113
634.8227953269966
410.8874840729886
34.66692764725147
220.71323390047542
-38.76746519762316
-271.1042065323517
-35.695514224705455
52.875134181716014
282.7176910125311
284.74961332664924
-67.87221193387194
-566.6167136827881
111.1576580206544
443.7713309493839
-259.5572899579068
-368.87575778301897
-641.761090784996
158.0467877314746
199.5057542521987
-94.47119118210279
135.9991693268241
-563.4120738833791
25.463210544508048
31.795808227483825
280.87190607214495
30.172197242648014
-6.783115668149546
-89.43838915359504
-129.31060656857932
-75.83236804847871
48.80708617279754
-191.57851523768906
71.55271617595292
-138.0773570291519
-82.95086021722892
1765.7873480015587
-200.84508997848948
-65.1597295169878
-24.052271963529492
313.4498288475854
0.8218198089747378
94.88460752045275
29.958994670432748
-353.8110225653986
-402.381375031657
612.1374328265638
-107.79498545101688
-43.126847919304154
-251.29797195542267
231.38615895872212
272.66651669027243
153.92863409585283
12.245883902834805
-114.13469176259753
496.76108093003506
-68.00103548824579
-201.49862026260573
308.504606992712
-70.24646579322412
204.35876245211273
446.70620543486257
-450.1131009706599
-112.88111173170543
-509.86281831830553
352.73506345296107
-104.63904195169867
16.72607165786898
6.813690123450031
-289.75602427208764
-220.82626173708059
-207.49347446483003
14.610463319333784
-63.15138796957764
-34.51473174457263
-215.61305364894326
-45.75983352834098
393.7109596546673
-442.1084995885936
124.13568560873439
494.0569482682695
385.3728163160388
238.14466265884678
285.3980145567709
165.11992799935257
161.70601311034284
-200.84508997848948
1360.6466436529759
-47.84113006528149
-241.16844131527623
227.48557927115286
68.41843530594132
88.93443422383939
205.67032959796052
58.57204766337769
-232.30018978495156
603.2872006678489
-22.141490437718268
-106.58302597014824
-124.00238945151187
-308.5877432195278
149.6627012160311
48.26669646927052
-49.55821702123143
70.93736716341763
110.66418852585404
170.03986305379814
-260.1837561432528
72.00170727413065
-30.473504904569843
-386.75696391407314
-78.89228434166932
377.72571724871136
2.270172371311626
45.48975767802189
-102.05583811176527
164.12961557129753
-105.10026715121285
41.02318647135496
279.0816661409501
122.74628035456475
-38.42929437462396
117.75225005622111
-237.93421585542012
-425.08453161030974
108.41759933057945
340.32462810385766
-284.60177916083853
-78.26615146610034
230.5535145249511
-308.5469755098632
-168.6695612591887
48.52934193133375
-144.9553937050926
94.49952290720313
22.342131834263153
-65.1597295169878
-47.84113006528149
1500.9016673797146
-203.51372501481248
77.77646877497853
-126.99403291314904
467.979979448251
-139.96442236406097
-111.48032797099339
146.2596931425038
389.7949392837876
57.510484644514065
-34.044696410426546
90.92392790044566
101.55391681063018
-139.75102462934944
-111.84248020221061
1.7768825272152613
22.635343155026025
-312.6502432884791
273.5219132347077
-260.9447635000114
-436.2071174060869
343.0914430323356
-264.66074529106737
-189.56863878741004
99.29980344539305
-148.7931622106328
-30.866754721403016
162.62651233611209
-12.056288361994241
6.836958586745569
-104.22833880973569
-177.41163971711737
-351.4934845780554
-147.5957152859629
-225.77893563257038
-155.08539079655256
60.51403712807796
72.82179586402742
-76.14130970675751
332.16591501398136
-94.81729169849295
-62.69195735579926
-92.37042467858598
128.141260112811
355.38011272067075
-328.9466663591908
-25.158431828843778
-265.4825720013511
-24.052271963529492
-241.16844131527623
-203.51372501481248
1583.1128265294585
-425.1281984033375
-19.318250074241735
136.98555351529834
-8.077196467201851
187.1780141627577
-0.9643779667138594
-154.67801918958455
99.98406975787198
449.079662487992
89.5899152455046
53.285164909684006
-41.85431022245054
205.67426919450472
162.9650717243829
33.98869435379586
141.6369976209993
-53.00688105575272
331.0123334887172
-164.42513441639105
-326.56574773070133
97.04803191379285
-382.7217722166007
-38.07280925559523
188.96399301501668
293.7176761226173
270.68234974883734
-19.58642348768001
-440.8492836538536
12.035270128789989
95.29399010214169
120.35962253778739
70.54736898665425
80.47001663083121
361.0181696435147
84.04298552062116
228.21294575596906
-507.5170652808931
-43.50777760051939
-23.196097022232014
-268.3045011627126
-593.313646395501
642.0050540461617
0.12551065264617184
525.436741765199
210.09651279669978
-429.3486405733162
313.4498288475854
227.48557927115286
77.77646877497853
-425.1281984033375
1671.8586580435424
46.74527086470307
-117.27467191427121
33.420642377085336
-450.8277719678375
-564.7137781531875
-160.45710395458534
-178.30323941259778
-144.92146065538145
235.31657785792652
-521.795794631236
126.67152140454772
-366.4664265952637
-304.4249185292084
-102.95403244955206
414.36000213429537
44.8176541996425
-104.02068527580712
20.199231149289414
126.3669025776551
-485.9906803510896
168.2792119882738
182.37801300465756
-301.93378110912647
-512.2762517615763
-178.14513758376378
287.2901739924669
323.29950784084565
32.010394300385926
-99.88272218339013
271.75512014797056
217.49542242275868
15.617729964201027
-231.18574976291373
-189.0669771801729
-364.1399859315893
6.204500955080708
93.99865721780839
-418.3942549605335
159.30110635222456
42.54436706240836
449.23412190090806
481.42508482647554
-341.6088679768793
153.92229764971154
-395.00430765229237
0.8218198089747378
68.41843530594132
-126.99403291314904
-19.318250074241735
46.74527086470307
1878.5117895497374
-23.52320887137084
-584.7442736082669
69.6322778511825
222.52926954889563
-26.784362790955594
-135.53513920192347
236.8664979523398
-357.9101360301591
652.768803716656
-99.26406606444603
510.3301358761597
38.865309540047285
-76.33076406356469
-83.07089498194287
513.5898269985719
-251.65929341984372
103.28044945792293
-320.0603115563282
-517.0058553515198
-334.29625344675696
32.36835042406037
-320.8083878098134
-359.26075769086947
-378.73351300464816
28.389531295607213
93.45641854559469
10.538557782772024
220.39262255444825
1.4976182655306955
-172.13017581135605
85.69079171761119
-100.15244798043402
-196.2789267799069
315.31648762975965
-49.44718210421927
-180.22302135294848
-42.73780274112917
25.75989619670034
129.35033371887985
-292.95738793695176
92.43713565658119
-405.30698875189523
92.09805070538764
54.01825115707596
94.88460752045275
88.93443422383939
467.979979448251
136.98555351529834
-117.27467191427121
-23.52320887137084
1626.0968708947753
-104.65119891827658
-200.57908714173945
275.23056278132407
378.6644303264854
256.13179718766196
469.1314881975085
-399.12905507572606
327.8721579899254
-33.50510081017037
49.396843417388006
195.43408476747038
-358.59524823523077
-154.91021178383852
204.87811723788843
-216.69518869623266
-285.2128072242338
524.0983989825155
-105.87452717219534
-356.03459674357526
8.284437677165174
-71.22379859620334
391.43875162515513
448.6417753233607
-142.92123101469184
-362.9706908820363
19.84499211911082
-180.9900390714189
80.76596662833201
-40.43295142495731
-322.0434492585393
-246.46895264248695
477.5016226981117
311.1739974291368
-102.78336360980127
642.235031362512
-223.58077557141027
-254.4278929941795
336.6300902170699
-54.21675680249541
-383.3489400065056
398.3276429927095
159.47762318398208
226.84514832156256
29.958994670432748
205.67032959796052
-139.96442236406097
-8.077196467201851
33.420642377085336
-584.7442736082669
-104.65119891827658
1730.1991358380515
18.19592803253809
-42.09159665392753
-307.6973740922613
235.63051300562785
-214.84703431460755
127.05965364373922
53.929536528029615
-185.14328948376962
-68.75906885219278
-160.63798224522336
-35.151494043098076
488.9980761055651
301.2203962233355
90.19120148199043
244.00534072678576
-270.415905074781
300.48717193573225
403.1721337175725
-20.463112530468056
491.34531661682314
223.3973867891037
183.07593690085062
176.07049179005728
-153.1888452535649
-159.1316021265766
-502.0757520688861
-416.04131360826324
-238.20089491655085
337.6602943268631
-238.31973571260957
106.42692668911589
-62.56498908230284
-10.377456890739332
-51.81834552521087
-88.21430972986914
450.27056662279654
364.5533229219882
-29.072272505401685
-296.6067179379438
102.8756910600907
263.0853066117792
607.6217737606105
-353.8110225653986
58.57204766337769
-111.48032797099339
187.1780141627577
-450.8277719678375
69.6322778511825
-200.57908714173945
18.19592803253809
1638.4579004113054
216.22067358586463
-340.57923243081405
180.14377313704256
344.10530472429565
16.4116714376586
128.38201968491643
385.86373690973
199.83960526694125
212.51072704851566
372.2997964207575
-198.98430235715242
105.93859261583502
287.90322953505773
-300.6564847767112
327.05047427111646
43.63691785550793
134.80037680093182
-402.32332248301776
56.15559679810973
397.4880985504472
-495.9185248154467
-202.67883409650744
-238.4912092779233
197.2617117450071
-519.563145847518
-60.22884089362879
-372.0135382403583
-505.35354588698186
226.67212971791133
238.40380830617988
-453.4458107615098
104.31797884607543
-121.58367749065661
-124.54458122468614
326.1054763634205
241.7311415348897
-256.8812657916612
-232.57348314860883
-182.97729242594366
313.24399982230375
-22.89194260260883
-402.381375031657
-232.30018978495156
146.2596931425038
-0.9643779667138594
-564.7137781531875
222.52926954889563
275.23056278132407
-42.09159665392753
216.22067358586463
2100.1493960933117
148.7334351035476
355.9049081675946
-288.2071658711531
131.280802314557
670.9465181951601
-290.6191680266217
353.0901468803957
5.682325538120265
-16.03348606525192
-338.7664519775437
36.18499928461138
53.24994387119834
-404.44279045296656
411.2778252808528
-214.88697775618863
-105.9352360709931
-371.31878862338516
97.64560895327715
-45.412893335237875
171.34962559755738
126.1863302686307
-108.78129134514076
-216.9371058477021
-341.3414870173338
-232.19876140895352
-118.73175778634003
-351.4478562304927
-185.99374885566837
-282.959404548617
-268.3928974199034
173.23120829881506
108.49196464084136
-580.7017504635988
268.4742082685881
402.02741509910237
-349.5383849743431
94.21671767910084
184.44838428882562
-136.48790964083094
-102.86561938988584
612.1374328265638
603.2872006678489
389.7949392837876
-154.67801918958455
-160.45710395458534
-26.784362790955594
378.6644303264854
-307.6973740922613
-340.57923243081405
148.7334351035476
2029.6148882810714
7.904563116766437
71.9258459640989
-265.53356362403133
153.5498655853489
131.36353120958637
-126.88199638282839
153.43677128382922
-435.7975809468008
-28.416149112886384
-80.58970339877447
-68.35065797844163
-72.96652128146864
90.58734818062867
126.07803180732463
-94.69061427231823
27.838183130654425
-89.92823242369954
113.29611887824316
258.3013212817725
278.8134892538735
-78.65125223805093
-125.99733185031047
-367.2304316313164
74.13894737956305
-148.15551464065106
-388.5653304503379
-247.40078979235585
-204.0124937123139
-258.8491545458552
511.16613697842723
65.10222645463331
9.908722856414672
122.38866222375576
166.78251706518552
-217.78207625934905
149.84734015105127
342.54230034319465
35.79729572648621
37.476906042179095
-107.79498545101688
-22.141490437718268
57.510484644514065
99.98406975787198
-178.30323941259778
-135.53513920192347
256.13179718766196
235.63051300562785
180.14377313704256
355.9049081675946
7.904563116766437
1265.0097772790718
-16.57250429086587
-134.89078010943413
211.63839905114176
255.96763424358932
-210.51862626243346
-260.16360328285356
10.289565284124238
72.71662048597102
270.5122934389809
-279.57706954529027
-80.9656705000809
-189.43745598933174
1.4276932243224312
-250.41832660657064
-115.1738362674901
-189.2231763248757
36.29560073553124
257.101249875626
6.691087213276436
-124.1836769540378
-50.41139082790894
-220.62101331643254
22.653484159522694
-269.7374189377474
-16.53846413642001
74.25762913976904
-348.86836666317004
388.3781280857784
-231.56885580602452
145.70669662709338
-92.33100665707278
429.72005351537
-44.54560440956359
82.83037669926043
-88.95871845916479
-427.81700951450574
145.90282839091896
343.2467203759641
-43.126847919304154
-106.58302597014824
-34.044696410426546
449.079662487992
-144.92146065538145
236.8664979523398
469.1314881975085
-214.84703431460755
344.10530472429565
-288.2071658711531
71.9258459640989
-16.57250429086587
1804.2342564503053
-317.5425907644603
259.67077249015716
420.08879174818935
223.92368618239624
367.81953520973076
-91.39183901685877
18.823490030186772
-308.7046118898796
-60.28196469086889
-133.27675098190247
239.7413715892394
47.68585775546588
-524.8077540517864
-544.9587523283471
-242.35589011591026
439.29373598665234
31.065726277426403
94.99458867266213
-104.69026038189675
347.4578160391416
165.6170026381303
-275.6176851340169
-193.6043077746467
-45.73763723878811
-203.79637118691116
328.6692039516061
-236.61682341405003
-260.45608628037866
114.68267097448016
279.9487202250137
-311.159983059507
-322.2078862015257
271.33067454814915
160.7886590032983
110.55396455448339
123.23647541246083
17.973447143586952
-251.29797195542267
-124.00238945151187
90.92392790044566
89.5899152455046
235.31657785792652
-357.9101360301591
-399.12905507572606
127.05965364373922
16.4116714376586
131.280802314557
-265.53356362403133
-134.89078010943413
-317.5425907644603
1733.3916034094157
-269.519124151189
-136.65772879191087
-201.06800975213588
-283.8622498228964
324.66765651287534
64.75169160165751
-191.13977449880127
655.1037038009769
470.6930430278898
-30.832614333309298
-45.923223234197174
215.79094377531783
-53.28370767836237
-184.8713927926694
278.41907940212405
-387.55235182610653
177.2422992623772
-348.90691717028915
-247.5440806939325
-249.25795538371898
194.75886678285104
48.60530330390452
43.635612825341205
159.6955530970343
26.59848521995695
-436.9566870186363
328.96574815627696
-322.7987686960847
-192.9409678586338
197.12030071636843
410.07059265558536
-42.95169168410656
-172.16399659187454
59.480760263178105
187.31132822788055
-31.35133187897113
231.38615895872212
-308.5877432195278
101.55391681063018
53.285164909684006
-521.795794631236
652.768803716656
327.8721579899254
53.929536528029615
128.38201968491643
670.9465181951601
153.5498655853489
211.63839905114176
259.67077249015716
-269.519124151189
1652.819774193066
230.22223894113375
471.4021799096961
41.226034975749826
-31.88031012733172
41.01588256997805
386.23723780458556
3.8826110287542255
-74.89694632274396
16.381216603488706
55.094022899154915
22.704682477393142
-440.74040945500514
-41.805958091990355
-128.71481065315265
-119.3956185204997
219.2524441505656
86.85046925753507
141.38360862861785
-263.63383135132574
-329.41463038703876
-313.2735113298351
-19.716309056372943
238.32397070537044
-236.14328837216243
-151.53231470499748
307.30268434633825
-62.516345805055025
448.7108464839043
12.718177162095268
207.47247972530093
152.00000435313913
-49.79354206061938
348.91440133749285
441.6415730248596
634.8227953269966
272.66651669027243
149.6627012160311
-139.75102462934944
-41.85431022245054
126.67152140454772
-99.26406606444603
-33.50510081017037
-185.14328948376962
385.86373690973
-290.6191680266217
131.36353120958637
255.96763424358932
420.08879174818935
-136.65772879191087
230.22223894113375
1789.6756466010722
159.99618175492452
-77.13149512692972
439.31727819973526
195.49842452480104
200.36008690884137
-328.24787069133936
110.6703900339326
82.43744738771026
-41.97859740992909
96.49289847285229
-307.69811031264067
160.97470716927353
73.53410088991636
-379.7734316099313
-232.55186914162178
-357.5976490649997
121.49176641718643
-455.16582859627715
169.44493954283928
-117.62275910989955
-425.7380844827749
222.9458376789634
20.82518373912987
-42.23150509333903
-205.32877029597572
-94.12230103921033
45.55930777060245
200.61961883905118
327.8841545498917
-121.28260739527472
222.20689884874355
-51.37936298603289
571.4409745607309
410.8874840729886
153.92863409585283
48.26669646927052
-111.84248020221061
205.67426919450472
-366.4664265952637
510.3301358761597
49.396843417388006
-68.75906885219278
199.83960526694125
353.0901468803957
-126.88199638282839
-210.51862626243346
223.92368618239624
-201.06800975213588
471.4021799096961
159.99618175492452
1738.7096813653368
57.78807299337994
485.65561866417806
-134.0411840313557
-75.04952784002539
-6.684041641189937
-159.32527508856163
-69.27151659191377
-181.04440818897163
-222.26552630040138
-91.5142388212954
51.838034162290064
-313.58046904077867
-112.52044606259258
-84.40188956504737
-338.95547585426925
403.9165056898585
45.82468350840602
-259.93411347971386
165.73335866214617
129.0509552964771
-389.1744199641441
-212.38397578778734
101.50033291862887
-93.88334106197607
-196.43470051496584
-167.08465140528233
200.95806277752627
102.13471973320594
68.96114496879514
52.23639159560338
-385.9927090517039
146.9353242993013
34.66692764725147
12.245883902834805
-49.55821702123143
1.7768825272152613
162.9650717243829
-304.4249185292084
38.865309540047285
195.43408476747038
-160.63798224522336
212.51072704851566
5.682325538120265
153.43677128382922
-260.16360328285356
367.81953520973076
-283.8622498228964
41.226034975749826
-77.13149512692972
57.78807299337994
1245.9571793056286
46.54416836661269
-50.08295383413747
-323.344255453601
8.409263752383325
-296.3453567628366
117.88424229730269
107.34484614113929
-44.45763659413538
-142.6791581767873
-3.618528983354676
122.08333068332202
-21.996207857577236
-222.81707684965906
72.56178702980398
299.39308738652477
-127.4931043749259
-102.45713309057203
-48.40457355013561
36.232434360667185
208.71256243642316
-42.650805589563085
-221.15845643355055
174.61064974550473
-139.33012217773384
114.44489045171655
-275.28639819551546
183.86183112832862
157.28169270568176
280.00617084315917
-108.94952996045465
369.4411516643421
220.71323390047542
-114.13469176259753
70.93736716341763
22.635343155026025
33.98869435379586
-102.95403244955206
-76.33076406356469
-358.59524823523077
-35.151494043098076
372.2997964207575
-16.03348606525192
-435.7975809468008
10.289565284124238
-91.39183901685877
324.66765651287534
-31.88031012733172
439.31727819973526
485.65561866417806
46.54416836661269
1723.294962215385
-381.3496872304034
-182.02421068745824
-67.30332970903756
285.30930309807377
-156.20496329610518
-84.54913511024547
15.608257601852422
75.56616714593888
-145.21940812908852
30.477307910688012
-251.26723410410347
-373.80892980248285
-294.6476821512632
172.02271572114896
-98.64609727952148
1.1199001090019465
559.6513966472073
-211.77285741871864
-61.98762535239474
461.83446155607817
-256.311489910737
-170.63564452614054
423.25322348148217
-423.41785707172266
-262.24770290848863
70.12538239164607
193.66175840235837
-119.67732668050215
409.97344567881277
126.3776954498196
-38.76746519762316
496.76108093003506
110.66418852585404
-312.6502432884791
141.6369976209993
414.36000213429537
-83.07089498194287
-154.91021178383852
488.9980761055651
-198.98430235715242
-338.7664519775437
-28.416149112886384
72.71662048597102
18.823490030186772
64.75169160165751
41.01588256997805
195.49842452480104
-134.0411840313557
-50.08295383413747
-381.3496872304034
1518.3333768533637
-39.84959290267118
52.32803553431983
185.18923889981454
-283.73457460620193
261.8601345710529
289.0800130951862
-95.50110004102307
81.87710862224385
-96.10312254930083
-98.12272408888184
220.62556421317402
321.26692557344984
119.04976285462017
-229.45600926731572
196.012258842966
-61.53343210257361
-188.33214347404174
-347.670229080523
-50.998612707925076
144.36373711619834
272.9230184950705
-327.0948602432765
-295.03232717113525
-14.916479920431785
-469.6806638013543
-197.69766862702411
-116.1649706228976
-175.49293760970585
197.5035638219802
-271.1042065323517
-68.00103548824579
170.03986305379814
273.5219132347077
-53.00688105575272
44.8176541996425
513.5898269985719
204.87811723788843
301.2203962233355
105.93859261583502
36.18499928461138
-80.58970339877447
270.5122934389809
-308.7046118898796
-191.13977449880127
386.23723780458556
200.36008690884137
-75.04952784002539
-323.344255453601
-182.02421068745824
-39.84959290267118
2185.710073719819
-405.06234149175117
12.861321836459808
104.42841121399869
-302.9249579124852
99.64534809653672
168.69638818854173
-442.93198001128457
-379.27252476474604
1.033773205482772
462.53801139692655
81.72210910134275
16.62853838080226
-228.3793635111534
-332.9386585201074
182.18830252096893
672.8344495773076
85.53629899414368
504.5414493113541
213.3545375267053
-471.249284555209
357.4142137169005
-50.79745769578128
-39.21925677646558
221.59768615349907
236.8302296729576
-279.5458882688897
-109.41840391785331
-412.35840606911415
-35.695514224705455
-201.49862026260573
-260.1837561432528
-260.9447635000114
331.0123334887172
-104.02068527580712
-251.65929341984372
-216.69518869623266
90.19120148199043
287.90322953505773
53.24994387119834
-68.35065797844163
-279.57706954529027
-60.28196469086889
655.1037038009769
3.8826110287542255
-328.24787069133936
-6.684041641189937
8.409263752383325
-67.30332970903756
52.32803553431983
-405.06234149175117
1773.0810133962527
-81.57181887575554
71.06957705106781
135.826466769641
429.2372125411423
-167.61533454831908
161.98152799930185
391.33116547009854
-142.35059062377553
167.66050932282565
-215.24513347798265
-6.760743703626618
307.90120516347764
200.09603373735186
-87.61481861678745
-195.79510791365345
-323.50409837651114
37.83782788941245
225.1758488432105
-52.10764438991031
345.1397493218225
42.82465683836773
-220.79905004433863
76.83405059538487
47.08595747281217
227.84364100910287
119.73861319238293
-125.59952898715535
52.875134181716014
308.504606992712
72.00170727413065
-436.2071174060869
-164.42513441639105
20.199231149289414
103.28044945792293
-285.2128072242338
244.00534072678576
-300.6564847767112
-404.44279045296656
-72.96652128146864
-80.9656705000809
-133.27675098190247
470.6930430278898
-74.89694632274396
110.6703900339326
-159.32527508856163
-296.3453567628366
285.30930309807377
185.18923889981454
12.861321836459808
-81.57181887575554
1530.3456787945568
-471.12909289833874
117.38699092411994
133.01549814378615
-26.61199243898337
127.47638247643322
-118.89265467047014
-12.190320425563069
53.487689218108194
-113.74422437700044
-302.7139933476575
92.80715890306607
-169.80308638884355
-32.18300662462878
330.4184802140869
290.07193899273585
-2.707503315963889
527.7078981591992
-214.8071820778321
-487.12956351033966
34.4257490077684
98.44207147216841
-296.84683600225446
39.999355751121094
-399.81294032813594
-23.026123291381545
250.9158318048127
282.7176910125311
-70.24646579322412
-30.473504904569843
343.0914430323356
-326.56574773070133
126.3669025776551
-320.0603115563282
524.0983989825155
-270.415905074781
327.05047427111646
411.2778252808528
90.58734818062867
-189.43745598933174
239.7413715892394
-30.832614333309298
16.381216603488706
82.43744738771026
-69.27151659191377
117.88424229730269
-156.20496329610518
-283.73457460620193
104.42841121399869
71.06957705106781
-471.12909289833874
1592.6475327742546
-101.53086713086078
107.66050514818403
-288.2709310706764
-154.3861645729937
211.25864804803098
149.93758769094947
100.49610730472918
-38.843263416074336
109.17599064285633
-63.77428016621832
220.84389947234206
69.26690438552389
52.55641379440835
-219.25796947177395
175.5538090915212
-170.3224659151135
118.11824352140471
-166.41886256072266
135.81251741310302
-76.79232737755954
125.80069258221924
-667.6452976659964
-138.33180390111593
10.576295277675587
-258.7009164789303
284.74961332664924
204.35876245211273
-386.75696391407314
-264.66074529106737
97.04803191379285
-485.9906803510896
-517.0058553515198
-105.87452717219534
300.48717193573225
43.63691785550793
-214.88697775618863
126.07803180732463
1.4276932243224312
47.68585775546588
-45.923223234197174
55.094022899154915
-41.97859740992909
-181.04440818897163
107.34484614113929
-84.54913511024547
261.8601345710529
-302.9249579124852
135.826466769641
117.38699092411994
-101.53086713086078
1388.944351835778
187.61057095876853
-343.6222484261754
190.27692494707503
101.43268882403221
131.89183848056453
-166.8904865135308
95.99854796536016
-81.7940620387694
-180.78485007817733
7.139430277278886
251.14695348309874
47.23292736003933
216.3707995833721
279.3285354139242
65.06551644761188
-145.9022113558449
-79.57846144533029
-47.493725824645885
-251.34209699975867
164.58083606229155
499.1056044218863
-919.4533281794005
175.60221422760065
-226.07317870538722
-67.87221193387194
446.70620543486257
-78.89228434166932
-189.56863878741004
-382.7217722166007
168.2792119882738
-334.29625344675696
-356.03459674357526
403.1721337175725
134.80037680093182
-105.9352360709931
-94.69061427231823
-250.41832660657064
-524.8077540517864
215.79094377531783
22.704682477393142
96.49289847285229
-222.26552630040138
-44.45763659413538
15.608257601852422
289.0800130951862
99.64534809653672
429.2372125411423
133.01549814378615
107.66050514818403
187.61057095876853
1570.6742610354584
-242.07176631529265
390.9505869484281
-51.17293342912872
84.30958987272867
204.43801024205618
224.8707516083068
180.54299591122538
162.42057234801388
277.25552151173054
147.32653435852168
-65.72927587486434
-98.97763595351188
10.752091474678586
-180.03926541881552
13.72212853974612
42.36152384671021
-168.5731287830087
-535.3999453957211
-381.27240991205593
-143.21593047818416
599.333014902002
52.74509847834512
392.30278935790983
-566.6167136827881
-450.1131009706599
377.72571724871136
99.29980344539305
-38.07280925559523
182.37801300465756
32.36835042406037
8.284437677165174
-20.463112530468056
-402.32332248301776
-371.31878862338516
27.838183130654425
-115.1738362674901
-544.9587523283471
-53.28370767836237
-440.74040945500514
-307.69811031264067
-91.5142388212954
-142.6791581767873
75.56616714593888
-95.50110004102307
168.69638818854173
-167.61533454831908
-26.61199243898337
-288.2709310706764
-343.6222484261754
-242.07176631529265
1759.2755080814306
290.796023735752
219.9901362559949
-58.38682409581203
-21.554242588597763
148.00234075823823
-505.5990341799371
-67.74930956445826
-105.15366588243565
-124.06978835338231
-11.456284071929678
66.01133959036562
47.89012508804885
71.58982965150628
-309.2852642900225
357.27242434055387
-1.9545798558877652
-239.32984237158038
306.19915840568154
-63.32497303090129
-327.4739208985462
103.49528142982012
-193.539355793305
111.1576580206544
-112.88111173170543
2.270172371311626
-148.7931622106328
188.96399301501668
-301.93378110912647
-320.8083878098134
-71.22379859620334
491.34531661682314
56.15559679810973
97.64560895327715
-89.92823242369954
-189.2231763248757
-242.35589011591026
-184.8713927926694
-41.805958091990355
160.97470716927353
51.838034162290064
-3.618528983354676
-145.21940812908852
81.87710862224385
-442.93198001128457
161.98152799930185
127.47638247643322
-154.3861645729937
190.27692494707503
390.9505869484281
290.796023735752
1499.2538942604572
273.1917317541981
380.991613361165
-142.44328045057196
6.608820830037215
-435.4748716842545
-293.41857450824364
-601.7791967078024
87.26745975558475
446.2344761407356
-391.9474607285465
197.85401632593673
-147.9102272385008
-88.52131309626668
352.7581335086567
55.457258689860616
-318.1084085163482
408.320169583149
-222.08805657873697
142.30093773811734
-294.9747843414685
102.68066835653136
443.7713309493839
-509.86281831830553
45.48975767802189
-30.866754721403016
293.7176761226173
-512.2762517615763
-359.26075769086947
391.43875162515513
223.3973867891037
397.4880985504472
-45.412893335237875
113.29611887824316
36.29560073553124
439.29373598665234
278.41907940212405
-128.71481065315265
73.53410088991636
-313.58046904077867
122.08333068332202
30.477307910688012
-96.10312254930083
-379.27252476474604
391.33116547009854
-118.89265467047014
211.25864804803098
101.43268882403221
-51.17293342912872
219.9901362559949
273.1917317541981
1833.350005721459
94.90850403660306
-157.42803989392107
-904.7707859038402
-222.71736251483355
29.469166444345813
-21.81405268837512
-59.733055112814405
-623.9780095553301
35.22453966466665
-120.91164673146616
425.8379160540393
-523.6160590955715
440.79533526039046
41.73294916600941
-253.94526453218188
-210.40446624591482
-328.0334668551964
14.05548671527866
-206.11838933184814
-603.6862917969167
-259.5572899579068
352.73506345296107
-102.05583811176527
162.62651233611209
270.68234974883734
-178.14513758376378
-378.73351300464816
448.6417753233607
183.07593690085062
-495.9185248154467
171.34962559755738
258.3013212817725
257.101249875626
31.065726277426403
-387.55235182610653
-119.3956185204997
-379.7734316099313
-112.52044606259258
-21.996207857577236
-251.26723410410347
-98.12272408888184
1.033773205482772
-142.35059062377553
-12.190320425563069
149.93758769094947
131.89183848056453
84.30958987272867
-58.38682409581203
380.991613361165
94.90850403660306
1863.3443991849333
-85.24076154651101
-21.623589494838157
70.99846258301277
-524.7417920989999
243.60738159022787
-172.8851280591368
212.89397633816174
-57.65045761712557
372.5200548381504
43.39025633628562
-36.57984314802893
-112.08877164108223
-331.8912123431364
-194.68909012588733
-223.67937684598382
314.72453623521295
-339.13593364309037
82.95616807039572
-211.9608367474804
-368.87575778301897
-104.63904195169867
164.12961557129753
-12.056288361994241
-19.58642348768001
287.2901739924669
28.389531295607213
-142.92123101469184
176.07049179005728
-202.67883409650744
126.1863302686307
278.8134892538735
6.691087213276436
94.99458867266213
177.2422992623772
219.2524441505656
-232.55186914162178
-84.40188956504737
-222.81707684965906
-373.80892980248285
220.62556421317402
462.53801139692655
167.66050932282565
53.487689218108194
100.49610730472918
-166.8904865135308
204.43801024205618
-21.554242588597763
-142.44328045057196
-157.42803989392107
-85.24076154651101
1779.6368755234244
136.7563394965442
-235.4422917154572
279.7924215134708
542.1860280994251
225.33391454845616
-192.00270861882115
581.1610801476453
44.557570252390185
-235.12848606548204
-92.1603739559887
-258.29444468646966
-179.31637999314012
93.55306390720183
-331.9739166623224
-176.56421495641038
-85.14040229947943
275.3375989476003
-225.59938439843282
-641.761090784996
16.72607165786898
-105.10026715121285
6.836958586745569
-440.8492836538536
323.29950784084565
93.45641854559469
-362.9706908820363
-153.1888452535649
-238.4912092779233
-108.78129134514076
-78.65125223805093
-124.1836769540378
-104.69026038189675
-348.90691717028915
86.85046925753507
-357.5976490649997
-338.95547585426925
72.56178702980398
-294.6476821512632
321.26692557344984
81.72210910134275
-215.24513347798265
-113.74422437700044
-38.843263416074336
95.99854796536016
224.8707516083068
148.00234075823823
6.608820830037215
-904.7707859038402
-21.623589494838157
136.7563394965442
1923.4923663697436
178.1053696520383
-244.2698600570461
-253.28244005240003
292.7549729423453
4.3396399748607
310.8765701286319
-100.40329781566068
-8.646212043406566
-84.25313949439456
-197.55260630188508
61.20977686338988
280.3693459104256
404.6143227312293
99.35887454038107
-142.8723999349785
334.57180445009493
-15.845207578534001
158.0467877314746
6.813690123450031
41.02318647135496
-104.22833880973569
12.035270128789989
32.010394300385926
10.538557782772024
19.84499211911082
-159.1316021265766
197.2617117450071
-216.9371058477021
-125.99733185031047
-50.41139082790894
347.4578160391416
-247.5440806939325
141.38360862861785
121.49176641718643
403.9165056898585
299.39308738652477
172.02271572114896
119.04976285462017
16.62853838080226
-6.760743703626618
-302.7139933476575
109.17599064285633
-81.7940620387694
180.54299591122538
-505.5990341799371
-435.4748716842545
-222.71736251483355
70.99846258301277
-235.4422917154572
178.1053696520383
1569.9593332742254